336.4 153.2 497.7 -157.6 8.2 -18.3
348.1 249.1 623.9 -158.8 11.7 -35.1
419.2 326.6 623.9 -169.5 5.4 16.5
365.2 198.9 557.6 173.6 -0.2 30.7
299.9 155.6 419.3 -178.4 -9.1 15.4
363.6 194.2 577.9 -172.9 -7.9 30.2
309.9 141.5 535.0 -165.5 -2.7 7.0
504.8 433.5 481.2 -179.2 13.9 -11.0
361.1 449.6 481.2 -176.2 -2.1 -29.7
236.4 529.0 548.8 -176.0 -15.9 -53.6
242.4 273.9 370.7 162.4 -7.3 40
190.3 335.2 474.5 -167.3 -25.2 5.6
387.7 502.0 555.4 -177.9 1.4 -15.5
556 446.4 491.1 169 9.5 -27.5
601.5 377.3 491.1 159.5 10.9 -45.8
601.5 194.2 535.9 -174.3 17.9 -4.9
615.5 -17.4 535.9 -160.4 8.3 7.3
488.5 -50.7 535.9 -146.8 3 0.7
280.3 -50.7 535.9 -138.8 -1.7 -8.7
209 183.5 535.9 -161.3 -10.1 -5.2
254.3 143.1 729.7 -167.4 -2.1 5.8
254.3 143.1 921.7 -162.7 5.8 -4.7
329.7 257.1 364.1 -170.2 1.2 3.5
304.1 231.1 382.2 -158.3 3.5 -17.6
304.1 231.1 791.9 -146.8 -4.2 -30.6
214.4 153.3 791.9 -166.4 -11.1 13.3
